2
87
-3212 -1334
-202 -1822
3382 1775
3442 175
-933 -3420
291 505
686 -1534
-2765 1988
-810 -2439
-1729 -2660
-3321 -2553
-587 -2219
1758 -299
642 1884
-3280 -1447
-661 2758
-2205 -661
3612 -2591
-2542 3429
810 3546
-3679 3062
416 1288
-689 -650
-3243 694
-3113 3201
-179 1980
2913 1991
-3649 -2432
219 1833
838 -2188
730 3400
2930 2090
-2348 -533
1157 -1726
-758 2564
-1243 3433
-2227 1871
-3622 3590
-780 3751
1141 -854
-1932 2299
-1635 2375
2037 3190
331 1268
-849 -3474
-3115 -65
751 1220
3225 -2839
1535 3506
-3120 627
-2338 -198
-2949 -2656
489 3040
-1627 -1119
72 3267
-1276 1424
3247 -2601
1194 -505
1396 -2927
-3631 148
6 1126
-3494 -839
-1109 2831
-816 2847
838 -3159
2241 -3208
737 -1940
-125 2787
-3075 275
1922 -2855
2114 -2378
-327 -1939
311 2850
-2246 1942
2880 -3170
961 807
-1967 2297
-3742 229
-3696 -1363
-1779 -657
-1443 3082
1884 -118
1447 -2206
-2689 -1824
1773 -128
-85 -649
658 656
-1951 -1344
3598 497
75
-31 -2879
-2710 3217
2155 2540
3486 407
-1739 2781
3057 1457
-523 -1328
297 2347
2506 2126
-923 3038
668 -1011
-1911 1950
-2757 2062
3487 -3470
1962 -3337
2547 764
3316 2178
-3141 -2882
3123 -3175
-1233 -3390
-457 1905
-2119 -3053
-2403 -979
-3295 -2375
2254 535
3056 566
-934 -3758
642 -1201
-1234 -2281
3231 -2517
-1234 394
1669 -2037
2639 1567
-1033 -2368
-3263 1050
-1706 -104
2277 -3146
-914 535
-3539 -2984
-2926 1570
2705 550
930 1447
3178 -1631
-1147 -2694
-654 3256
2777 3645
-2876 -3185
1454 -782
905 -3360
577 -530
-179 -90
-2809 1746
847 1312
345 608
-697 -1445
-3361 -481
-628 1424
-438 798
-1775 -542
-2144 1971
-1789 614
-2965 -2805
-2766 -1759
1516 -71
3681 -3492
3703 -352
-3171 288
1054 659
794 -374
3445 3583
-63 243
622 2367
-1324 -3478
-2405 1152
-602 -2819
2955 -3691
-3583 -310
